0,NaN,NaN
1e-06,NaN,NaN
2e-06,NaN,NaN
3e-06,NaN,NaN
4e-06,90.016,88.424
5e-06,115.06,112.72
6e-06,131.48,129.14
7e-06,143.22,140.87
8e-06,152.39,150.53
9e-06,158.9,157.35
1e-05,164.86,163.21
1.1e-05,168.8,167.23
1.2e-05,171.28,169.99
1.3e-05,173.09,171.76
1.4e-05,173.79,172.59
1.5e-05,172.91,171.77
1.6e-05,171.02,170.02
1.7e-05,168.59,168.18
1.8e-05,165.19,164.59
1.9e-05,161.03,160.31
2e-05,155.03,154.77
2.1e-05,148.35,148.09
2.2e-05,140.6,140.24
2.3e-05,131.86,131.3
2.4e-05,120.91,120.4
2.5e-05,106.79,106.98
2.6e-05,89.112,88.81
2.7e-05,61.144,60.658
2.8e-05,30.077,29.244
2.9e-05,55.281,51.912
3e-05,68.527,64.79
3.1e-05,77.913,73.735
3.2e-05,84.246,79.75
3.3e-05,88.969,84.434
3.4e-05,91.683,87.707
3.5e-05,94.253,90.176
3.6e-05,95.654,91.863
3.7e-05,95.023,91.859
3.8e-05,93.729,90.717
3.9e-05,91.634,89.299
4e-05,87.689,85.686
4.1e-05,81.775,80.449
4.2e-05,74.287,73.702
4.3e-05,64.048,64.603
4.4e-05,49.072,50.986
4.5e-05,21.983,25.269
4.6e-05,28.206,31.946
4.7e-05,40.477,43.801
4.8e-05,47.507,50.577
4.9e-05,52.462,54.866
5e-05,54.973,56.351
5.1e-05,55.65,56.606
5.2e-05,55.157,55.617
5.3e-05,52.413,52.289
5.4e-05,49.12,48.119
5.5e-05,43.344,41.794
5.6e-05,33.941,31.89
5.7e-05,15.166,14.284
5.8e-05,27.108,24.709
5.9e-05,37.281,34.717
6e-05,42.41,40.544
6.1e-05,45.063,43.131
6.2e-05,46.187,44.855
6.3e-05,46.29,45.138
6.4e-05,44.202,43.234
6.5e-05,39.882,39.183
6.6e-05,32.891,32.608
6.7e-05,23.489,24.223
6.8e-05,16.876,18.588
6.9e-05,25.3,26.483
7e-05,32.859,33.758
7.1e-05,37.196,37.755
7.2e-05,38.661,39.131
7.3e-05,38.589,38.626
7.4e-05,37.288,37.099
7.5e-05,33.808,33.432
7.6e-05,28.601,27.5
7.7e-05,23.015,22.509
7.8e-05,22.485,23.051
7.9e-05,26.42,26.629
8e-05,30.03,30.246
8.1e-05,32.451,32.412
8.2e-05,32.524,32.423
8.3e-05,31.798,31.776
8.4e-05,29.667,29.224
8.5e-05,27.076,27.139
8.6e-05,25.664,25.793
8.7e-05,26.393,27.061
8.8e-05,27.574,27.717
8.9e-05,28.417,28.459
9e-05,28.47,28.771
9.1e-05,29.022,29.175
9.2e-05,28.851,29.154
9.3e-05,27.169,27.428
9.4e-05,26.339,26.711
9.5e-05,26.099,26.859
9.6e-05,27.448,27.416
9.7e-05,28.596,29.098
9.8e-05,30.196,30.658
9.9e-05,30.277,31.181
0.0001,29.609,29.907
0.000101,27.396,27.478
0.000102,24.796,24.861
0.000103,24.708,25.142
0.000104,26.841,27.073
0.000105,28.825,29.589
0.000106,30.26,31.557
0.000107,30.576,31.473
0.000108,29.728,29.885
0.000109,28.142,28.191
0.00011,26.967,27.064
0.000111,26.644,27.177
0.000112,26.599,27.208
0.000113,27.1,27.732
0.000114,27.157,27.584
0.000115,27.445,27.526
0.000116,28.16,28.198
0.000117,28.264,28.577
0.000118,27.9,28.34
0.000119,27.945,28.551
0.00012,27.501,28.121
0.000121,27.457,27.768
0.000122,28.659,29.102
0.000123,29.142,29.406
0.000124,28.607,29.074
0.000125,27.249,27.451
0.000126,24.825,25.296
0.000127,23.723,24.449
0.000128,26.152,27.075
0.000129,29.262,29.694
0.00013,32.213,32.741
0.000131,33.593,34.156
0.000132,33.546,33.841
0.000133,31.464,31.828
0.000134,28.199,27.893
0.000135,23.892,24.657
0.000136,21.597,22.761
0.000137,25.069,25.085
0.000138,28.956,29.432
0.000139,32.033,32.729
0.00014,33.665,34.085
0.000141,34.385,34.397
0.000142,33.294,33.38
0.000143,30.684,31.07
0.000144,27.369,27.469
0.000145,24.057,24.654
0.000146,22.983,23.651
0.000147,25.307,25.834
0.000148,28.601,29.255
0.000149,30.53,31.241
0.00015,31.974,32.28
0.000151,32.338,32.632
0.000152,31.788,31.899
0.000153,29.888,30.092
0.000154,28.032,28.54
0.000155,26.469,26.028
0.000156,24.702,24.601
0.000157,24.847,25.926
0.000158,25.913,26.56
0.000159,27.514,27.943
0.00016,28.664,29.09
0.000161,29.074,29.428
0.000162,29.971,30.536
0.000163,30.387,31.288
0.000164,30.663,31.691
0.000165,30.961,31.576
0.000166,28.715,29.046
0.000167,25.984,26.658
0.000168,23.489,24.257
0.000169,23.216,23.703
0.00017,25.296,26.556
0.000171,28.985,29.647
0.000172,32.216,32.571
0.000173,34.064,34.561
0.000174,34.934,35.498
0.000175,34.755,34.968
0.000176,32.272,32.516
0.000177,27.812,27.368
0.000178,21.366,22.058
0.000179,21.297,22.139
0.00018,26.432,27.077
0.000181,30.891,31.397
0.000182,34.276,34.527
0.000183,35.973,36.042
0.000184,35.986,35.981
0.000185,34.271,33.825
0.000186,30.897,30.613
0.000187,27.065,26.706
0.000188,23.734,24.434
0.000189,23.059,23.838
0.00019,25.222,25.236
0.000191,27.77,27.899
0.000192,29.774,30.242
0.000193,31.794,32.078
0.000194,32.33,32.533
0.000195,32.275,32.416
0.000196,30.551,30.909
0.000197,28.648,28.449
0.000198,26.057,26.027
0.000199,25.148,25.581
0.0002,25.127,26.287
0.000201,26.233,26.385
0.000202,27.296,27.933
0.000203,28.563,28.973
0.000204,29.156,29.443
0.000205,30.037,30.63
0.000206,29.828,30.555
0.000207,29.776,30.375
0.000208,29.344,29.573
0.000209,27.677,27.679
0.00021,25.651,26.44
0.000211,25.38,26.363
0.000212,25.09,25.602
0.000213,26.505,26.865
0.000214,27.861,28.216
0.000215,29.282,29.903
0.000216,31.008,31.829
0.000217,31.42,31.917
0.000218,30.852,31.74
0.000219,29.469,29.801
0.00022,27.606,27.799
0.000221,23.705,24.421
0.000222,23.296,24.803
0.000223,26.241,26.549
0.000224,28.848,29.34
0.000225,30.508,31.345
0.000226,31.897,32.059
0.000227,31.398,32.314
0.000228,30,30.579
0.000229,28.114,27.835
0.00023,25.3,25.757
0.000231,24.484,24.608
0.000232,26.185,27.113
0.000233,27.074,27.595
0.000234,28.789,28.834
0.000235,29.885,30.135
0.000236,29.729,30.012
0.000237,28.368,28.782
0.000238,27.727,27.671
0.000239,27.64,27.526
0.00024,27.446,27.667
0.000241,27.584,27.581
0.000242,27.693,27.863
0.000243,28.061,27.894
0.000244,27.372,27.452
0.000245,26.982,28.162
0.000246,26.947,27.276
0.000247,27.689,27.977
0.000248,28.669,29.166
0.000249,29.153,29.302
0.00025,28.843,29.022
0.000251,29.145,29.31
0.000252,28.06,28.461
0.000253,26.827,27.284
0.000254,25.588,26.061
0.000255,25.751,26.982
